	d0_0	d0_1	d0_2	d0_3	d0_4	d0_5	d0_6	d0_7	d0_8	d0_9	d0_10	d0_11	d0_12	d0_13	d0_14	d0_15	d0_16	d0_17	d0_18	d0_19	d0_20	d0_21	d0_22	d0_23	d0_24	d0_25	d0_26	d0_27	d0_28	d0_29	d0_30	d0_31	d0_32
d1_0	0	0.0274481	0.00653287	0.0019893	0.000697739	0.000318188	0.000193794	0.000144812	0.000113156	0.000101597	8.21508e-05	7.28198e-05	6.55099e-05	6.12232e-05	5.31878e-05	5.12655e-05	4.63057e-05	3.92706e-05	3.37865e-05	3.13097e-05	2.6139e-05	2.37612e-05	2.54122e-05	2.46544e-05	2.21768e-05	3.2755e-05	4.24753e-05	3.51862e-05	0	0	0	0	0
d1_1	0.158958	0.0220291	0.00573204	0.00185581	0.000718026	0.000352747	0.000223059	0.000171731	0.000148659	0.000138503	0.000126136	0.000121328	0.000114809	9.98505e-05	9.57543e-05	8.96991e-05	8.84579e-05	8.16949e-05	7.36604e-05	7.32108e-05	6.27022e-05	6.05256e-05	6.7663e-05	6.23008e-05	7.624e-05	9.7621e-05	7.35264e-05	0	0	0	0	0	0
d1_2	0.102505	0.0207341	0.00611434	0.00212632	0.000838421	0.000402024	0.000248151	0.000176521	0.000171657	0.000152703	0.000143046	0.000145266	0.000138682	0.000147828	0.000122271	0.000135617	0.000127226	0.00012084	0.0001107	0.000108487	0.000109333	0.000101062	0.000100983	0.000110226	0.000132295	8.6732e-05	0	0	0	0	0	0	0
d1_3	0.0692164	0.0188754	0.00631934	0.00231647	0.000959766	0.000449522	0.000252222	0.000198601	0.000175928	0.000175466	0.000160155	0.000155381	0.000158519	0.000150945	0.000153042	0.000153181	0.000134396	0.000138089	0.000130627	0.000131336	0.000124207	0.000130828	0.000137288	0.000142489	8.97763e-05	0	0	0	0	0	0	0	0
d1_4	0.0486347	0.0171672	0.0063434	0.00252838	0.00105944	0.000509682	0.00029455	0.000215602	0.000188942	0.000172643	0.000159211	0.000168835	0.000161115	0.000164179	0.000156152	0.00015438	0.000158279	0.000143838	0.000147169	0.000147775	0.000153677	0.00014502	0.00014607	9.21732e-05	0	0	0	0	0	0	0	0	0
d1_5	0.0353475	0.0153075	0.0064466	0.00265754	0.00114194	0.000578265	0.00030738	0.000219471	0.000202269	0.000169972	0.000175475	0.000166437	0.000164485	0.000165442	0.000165209	0.000161404	0.000150785	0.000157631	0.000154359	0.000159698	0.000160159	0.000168581	8.57646e-05	0	0	0	0	0	0	0	0	0	0
d1_6	0.0264258	0.0138533	0.00630799	0.00283124	0.00125238	0.000589994	0.000335077	0.000231848	0.000180093	0.000170994	0.000170616	0.000174939	0.000177286	0.000162651	0.000162798	0.000156291	0.000161402	0.000158945	0.000155717	0.000156989	0.000164067	8.76986e-05	0	0	0	0	0	0	0	0	0	0	0
d1_7	0.020043	0.0123468	0.00620094	0.00291362	0.00134443	0.000686171	0.000373663	0.000241001	0.000194059	0.000175298	0.00016066	0.000158531	0.000162315	0.000164539	0.000157233	0.000170233	0.00016768	0.000157321	0.000165889	0.000159487	8.8964e-05	0	0	0	0	0	0	0	0	0	0	0	0
d1_8	0.0156136	0.0110107	0.00601116	0.00298528	0.00144433	0.000738317	0.000388582	0.000255728	0.00021546	0.000179139	0.000174333	0.000172103	0.000172085	0.000163529	0.00015881	0.000156982	0.000163732	0.000170157	0.000167172	8.30689e-05	0	0	0	0	0	0	0	0	0	0	0	0	0
d1_9	0.01216	0.00976697	0.00584754	0.00304697	0.00153874	0.000808276	0.00042176	0.000269106	0.000220349	0.000186467	0.000174726	0.000166254	0.000170192	0.00016629	0.000164986	0.000159722	0.000163584	0.000154235	8.25155e-05	0	0	0	0	0	0	0	0	0	0	0	0	0	0
d1_10	0.00963809	0.00877229	0.00560405	0.00304611	0.00163341	0.000841883	0.000470225	0.000285367	0.000217515	0.000186943	0.000172787	0.00016994	0.000172682	0.000172508	0.000162503	0.000165826	0.000176676	8.26874e-05	0	0	0	0	0	0	0	0	0	0	0	0	0	0	0
d1_11	0.0078305	0.00781279	0.00539109	0.00313153	0.00170055	0.000890377	0.000504077	0.000301247	0.000230834	0.00018599	0.000168388	0.000169809	0.000152197	0.000159095	0.000167796	0.000159463	8.34255e-05	0	0	0	0	0	0	0	0	0	0	0	0	0	0	0	0
d1_12	0.00635535	0.00694675	0.00512375	0.00311103	0.00174239	0.000934957	0.000520253	0.000329899	0.000238382	0.000189347	0.000174338	0.000165444	0.000162468	0.000158146	0.000166422	8.26874e-05	0	0	0	0	0	0	0	0	0	0	0	0	0	0	0	0	0
d1_13	0.00508259	0.00605018	0.0047626	0.00310441	0.00177415	0.000973908	0.000549346	0.000351746	0.000244091	0.000192379	0.000181762	0.000160251	0.000171559	0.000159705	8.25155e-05	0	0	0	0	0	0	0	0	0	0	0	0	0	0	0	0	0	0
d1_14	0.00415841	0.00542578	0.00451902	0.00301065	0.00178865	0.00102833	0.00058645	0.000374014	0.000247738	0.000206615	0.000176453	0.000177062	0.000163492	8.30689e-05	0	0	0	0	0	0	0	0	0	0	0	0	0	0	0	0	0	0	0
d1_15	0.0033159	0.00464238	0.00406157	0.00283189	0.00177928	0.00103219	0.000591783	0.000361287	0.000253968	0.000207541	0.000171929	0.00015788	8.8964e-05	0	0	0	0	0	0	0	0	0	0	0	0	0	0	0	0	0	0	0	0
d1_16	0.00270611	0.00394931	0.00362061	0.00266479	0.0016759	0.00102616	0.000592217	0.000364493	0.000253087	0.000212748	0.000176616	8.76986e-05	0	0	0	0	0	0	0	0	0	0	0	0	0	0	0	0	0	0	0	0	0
d1_17	0.00204901	0.00323148	0.00316254	0.00238561	0.00155407	0.000950284	0.000582112	0.000349283	0.000245975	0.000199293	8.57646e-05	0	0	0	0	0	0	0	0	0	0	0	0	0	0	0	0	0	0	0	0	0	0
d1_18	0.00148911	0.00251717	0.00254934	0.00196655	0.00130226	0.000822043	0.000498535	0.000322548	0.000212087	9.21732e-05	0	0	0	0	0	0	0	0	0	0	0	0	0	0	0	0	0	0	0	0	0	0	0
d1_19	0.00101773	0.00182239	0.00184566	0.00146581	0.00103788	0.000661442	0.000385922	0.00026705	8.97763e-05	0	0	0	0	0	0	0	0	0	0	0	0	0	0	0	0	0	0	0	0	0	0	0	0
d1_20	0.000602037	0.00108798	0.00113121	0.000938282	0.000664194	0.000441341	0.000273641	8.6732e-05	0	0	0	0	0	0	0	0	0	0	0	0	0	0	0	0	0	0	0	0	0	0	0	0	0
d1_21	0.000267647	0.000511065	0.000541897	0.000458425	0.000336972	0.000225224	7.35264e-05	0	0	0	0	0	0	0	0	0	0	0	0	0	0	0	0	0	0	0	0	0	0	0	0	0	0
d1_22	6.97422e-05	0.000133597	0.000148082	0.000127362	9.97889e-05	3.51862e-05	0	0	0	0	0	0	0	0	0	0	0	0	0	0	0	0	0	0	0	0	0	0	0	0	0	0	0
